MiePlot v4.5.02

Calculation Method:         Mie (plane wave)

Sphere: 	Silver	Medium: 	medium of fixed RI

Refractive index (sphere) 	Real part: 	0.05	Imaginary part: 	3.019917
Refractive index (medium)	Real part: 	1.7	

Wavelength: 	0.488	 um

Graph type: 	Qext/Qsca/Qabs v. radius

Radius (µm)	Qext	Qsca	Qabs
 0.01 	 0.371141206355392 	 0.102355833436997 	 0.268785372918396 
 0.01002305 	 0.373192116010301 	 0.103433305474053 	 0.269758810536248 
 0.01004616 	 0.375260284801408 	 0.104522769115858 	 0.27073751568555 
 0.01006932 	 0.377345896598472 	 0.105624367629535 	 0.271721528968937 
 0.01009253 	 0.37944913752358 	 0.106738246142353 	 0.272710891381226 
 0.01011579 	 0.381570195981913 	 0.10786455166812 	 0.273705644313793 
 0.01013911 	 0.383709262692966 	 0.109003433133976 	 0.27470582955899 
 0.01016249 	 0.385866530722242 	 0.110155041407614 	 0.275711489314628 
 0.01018591 	 0.388042195513417 	 0.111319529324909 	 0.276722666188508 
 0.01020939 	 0.390236454920999 	 0.112497051717985 	 0.277739403203013 
 0.01023293 	 0.392449509243462 	 0.113687765443715 	 0.278761743799747 
 0.01025652 	 0.394681561256901 	 0.114891829412658 	 0.279789731844243 
 0.01028016 	 0.396932816249172 	 0.116109404618458 	 0.280823411630714 
 0.01030386 	 0.399203482054569 	 0.11734065416769 	 0.281862827886879 
 0.01032761 	 0.401493769089006 	 0.118585743310177 	 0.282908025778829 
 0.01035142 	 0.403803890385749 	 0.119844839469776 	 0.283959050915973 
 0.01037528 	 0.406134061631679 	 0.121118112275654 	 0.285015949356025 
 0.0103992 	 0.408484501204107 	 0.122405733594041 	 0.286078767610066 
 0.01042317 	 0.410855430208151 	 0.123707877560491 	 0.28714755264766 
 0.0104472 	 0.41324707251468 	 0.12502472061264 	 0.28822235190204 
 0.01047129 	 0.415659654798836 	 0.126356441523488 	 0.289303213275348 
 0.01049542 	 0.41809340657914 	 0.127703221435195 	 0.290390185143945 
 0.01051962 	 0.420548560257202 	 0.129065243893414 	 0.291483316363788 
 0.01054387 	 0.423025351158029 	 0.130442694882161 	 0.292582656275869 
 0.01056818 	 0.425524017570955 	 0.131835762859239 	 0.293688254711716 
 0.01059254 	 0.428044800791197 	 0.133244638792221 	 0.294800161998976 
 0.01061696 	 0.430587945162043 	 0.134669516194993 	 0.295918428967049 
 0.01064143 	 0.433153698117691 	 0.136110591164887 	 0.297043106952803 
 0.01066596 	 0.43574231022675 	 0.137568062420396 	 0.298174247806354 
 0.01069055 	 0.438354035236398 	 0.139042131339483 	 0.299311903896916 
 0.01071519 	 0.440989130117235 	 0.140533001998509 	 0.300456128118726 
 0.01073989 	 0.443647855108805 	 0.142040881211766 	 0.301606973897039 
 0.01076465 	 0.446330473765848 	 0.143565978571651 	 0.302764495194196 
 0.01078947 	 0.449037253005234 	 0.145108506489468 	 0.303928746515766 
 0.01081434 	 0.451768463153654 	 0.146668680236889 	 0.305099782916765 
 0.01083927 	 0.454524377996023 	 0.148246717988073 	 0.30627766000795 
 0.01086426 	 0.457305274824643 	 0.149842840862456 	 0.307462433962187 
 0.0108893 	 0.460111434489129 	 0.151457272968228 	 0.308654161520901 
 0.0109144 	 0.462943141447105 	 0.153090241446502 	 0.309852900000603 
 0.01093956 	 0.465800683815689 	 0.154741976516195 	 0.311058707299494 
 0.01096478 	 0.468684353423775 	 0.156412711519623 	 0.312271641904152 
 0.01099006 	 0.471594445865133 	 0.158102682968831 	 0.313491762896301 
 0.01101539 	 0.474531260552328 	 0.159812130592668 	 0.31471912995966 
 0.01104079 	 0.477495100771493 	 0.161541297384615 	 0.315953803386878 
 0.01106624 	 0.480486273737933 	 0.163290429651387 	 0.317195844086546 
 0.01109175 	 0.483505090652619 	 0.165059777062313 	 0.318445313590306 
 0.01111732 	 0.486551866759553 	 0.166849592699517 	 0.319702274060036 
 0.01114295 	 0.489626921404034 	 0.168660133108909 	 0.320966788295125 
 0.01116863 	 0.492730578091831 	 0.170491658351992 	 0.322238919739839 
 0.01119438 	 0.495863164549282 	 0.172344432058513 	 0.32351873249077 
 0.01122018 	 0.499025012784349 	 0.174218721479968 	 0.32480629130438 
 0.01124605 	 0.502216459148606 	 0.17611479754397 	 0.326101661604636 
 0.01127197 	 0.505437844400227 	 0.178032934909494 	 0.327404909490733 
 0.01129796 	 0.508689513767935 	 0.179973412023028 	 0.328716101744908 
 0.011324 	 0.511971817015988 	 0.181936511175629 	 0.33003530584036 
 0.01135011 	 0.515285108510157 	 0.183922518560908 	 0.331362589949249 
 0.01137627 	 0.518629747284762 	 0.185931724333957 	 0.332698022950804 
 0.0114025 	 0.522006097110762 	 0.187964422671242 	 0.33404167443952 
 0.01142878 	 0.525414526564912 	 0.190020911831459 	 0.335393614733453 
 0.01145513 	 0.528855409100012 	 0.192101494217392 	 0.336753914882619 
 0.01148154 	 0.532329123116271 	 0.194206476438782 	 0.338122646677489 
 0.011508 	 0.535836052033799 	 0.196336169376214 	 0.339499882657585 
 0.01153453 	 0.539376584366235 	 0.198490888246056 	 0.340885696120179 
 0.01156112 	 0.542951113795548 	 0.200670952666455 	 0.342280161129094 
 0.01158777 	 0.546560039248025 	 0.202876686724415 	 0.34368335252361 
 0.01161449 	 0.550203764971451 	 0.205108419043977 	 0.345095345927474 
 0.01164126 	 0.553882700613526 	 0.207366482855511 	 0.346516217758015 
 0.0116681 	 0.557597261301517 	 0.209651216066148 	 0.347946045235368 
 0.01169499 	 0.561347867723174 	 0.211962961331369 	 0.349384906391806 
 0.01172195 	 0.565134946208936 	 0.214302066127763 	 0.350832880081173 
 0.01174898 	 0.568958928815436 	 0.216668882826992 	 0.352290045988444 
 0.01177606 	 0.572820253410341 	 0.219063768770963 	 0.353756484639378 
 0.01180321 	 0.576719363758532 	 0.221487086348242 	 0.35523227741029 
 0.01183042 	 0.58065670960966 	 0.223939203071722 	 0.356717506537938 
 0.01185769 	 0.584632746787101 	 0.226420491657578 	 0.358212255129523 
 0.01188502 	 0.588647937278312 	 0.228931330105515 	 0.359716607172797 
 0.01191242 	 0.592702749326643 	 0.231472101780346 	 0.361230647546297 
 0.01193988 	 0.5967976575246 	 0.234043195494913 	 0.362754462029688 
 0.01196741 	 0.600933142908599 	 0.236645005594376 	 0.364288137314223 
 0.01199499 	 0.605109693055232 	 0.239277932041901 	 0.365831761013331 
 0.01202264 	 0.609327802179067 	 0.241942380505758 	 0.367385421673309 
 0.01205036 	 0.613587971232005 	 0.244638762447858 	 0.368949208784147 
 0.01207814 	 0.617890708004228 	 0.247367495213759 	 0.370523212790469 
 0.01210598 	 0.622236527226759 	 0.250129002124165 	 0.372107525102594 
 0.01213389 	 0.626625950675648 	 0.252923712567925 	 0.373702238107723 
 0.01216186 	 0.631059507277838 	 0.255752062096591 	 0.375307445181247 
 0.0121899 	 0.635537733218707 	 0.258614492520528 	 0.376923240698179 
 0.012218 	 0.640061172051342 	 0.261511452006626 	 0.378549720044716 
 0.01224616 	 0.644630374807537 	 0.264443395177622 	 0.380186979629915 
 0.01227439 	 0.649245900110591 	 0.267410783213083 	 0.381835116897508 
 0.01230269 	 0.653908314289889 	 0.27041408395205 	 0.383494230337839 
 0.01233105 	 0.658618191497312 	 0.27345377199739 	 0.385164419499922 
 0.01235947 	 0.663376113825526 	 0.276530328821886 	 0.38684578500364 
 0.01238797 	 0.668182671428137 	 0.279644242876075 	 0.388538428552062 
 0.01241652 	 0.673038462641778 	 0.282796009697887 	 0.390242452943892 
 0.01244515 	 0.677944094110145 	 0.285986132024095 	 0.39195796208605 
 0.01247384 	 0.682900180910006 	 0.289215119903622 	 0.393685061006383 
 0.01250259 	 0.687907346679229 	 0.292483490812728 	 0.395423855866501 
 0.01253141 	 0.692966223746856 	 0.295791769772104 	 0.397174453974752 
 0.0125603 	 0.698077453265234 	 0.299140489465913 	 0.398936963799321 
 0.01258925 	 0.703241685344276 	 0.302530190362815 	 0.400711494981462 
 0.01261828 	 0.708459579187846 	 0.30596142083898 	 0.402498158348866 
 0.01264736 	 0.713731803232323 	 0.309434737303168 	 0.404297065929155 
 0.01267652 	 0.719059035287381 	 0.31295070432387 	 0.406108330963511 
 0.01270574 	 0.724441962678986 	 0.316509894758555 	 0.407932067920431 
 0.01273503 	 0.729881282394694 	 0.320112889885069 	 0.409768392509625 
 0.01276439 	 0.735377701231248 	 0.323760279535217 	 0.411617421696031 
 0.01279381 	 0.740931935944513 	 0.327452662230543 	 0.41347927371397 
 0.01282331 	 0.746544713401811 	 0.331190645320375 	 0.415354068081436 
 0.01285287 	 0.752216770736652 	 0.334974845122151 	 0.4172419256145 
 0.0128825 	 0.757948855505929 	 0.338805887064068 	 0.419142968441861 
 0.01291219 	 0.763741725849616 	 0.342684405830096 	 0.42105732001952 
 0.01294196 	 0.769596150652954 	 0.346611045507379 	 0.422985105145574 
 0.01297179 	 0.775512909711246 	 0.350586459736088 	 0.424926449975158 
 0.0130017 	 0.781492793897234 	 0.354611311861742 	 0.426881482035492 
 0.01303167 	 0.787536605331107 	 0.358686275090041 	 0.428850330241066 
 0.01306171 	 0.793645157553201 	 0.362812032644256 	 0.430833124908946 
 0.01309182 	 0.799819275699425 	 0.366989277925216 	 0.432829997774209 
 0.013122 	 0.806059796679421 	 0.371218714673929 	 0.434841082005492 
 0.01315225 	 0.812367569357543 	 0.375501057136876 	 0.436866512220667 
 0.01318257 	 0.818743454736651 	 0.37983703023402 	 0.438906424502631 
 0.01321296 	 0.825188326144804 	 0.384227369729588 	 0.440960956415216 
 0.01324342 	 0.831703069424849 	 0.388672822405635 	 0.443030247019215 
 0.01327394 	 0.838288583126984 	 0.39317414623847 	 0.445114436888515 
 0.01330454 	 0.844945778704308 	 0.397732110577957 	 0.447213668126351 
 0.01333521 	 0.851675580711412 	 0.402347496329755 	 0.449328084381657 
 0.01336596 	 0.858478927006056 	 0.407021096140527 	 0.451457830865529 
 0.01339677 	 0.86535676895396 	 0.411753714586173 	 0.453603054367788 
 0.01342765 	 0.872310071636764 	 0.416546168363119 	 0.455763903273645 
 0.0134586 	 0.879339814063189 	 0.421399286482727 	 0.457940527580462 
 0.01348963 	 0.886446989383444 	 0.426313910468848 	 0.460133078914596 
 0.01352073 	 0.893632605106937 	 0.431290894558581 	 0.462341710548356 
 0.01355189 	 0.900897683323282 	 0.43633110590627 	 0.464566577417012 
 0.01358313 	 0.908243260926721 	 0.441435424790803 	 0.466807836135918 
 0.01361445 	 0.915670389843923 	 0.446604744826241 	 0.469065645017682 
 0.01364583 	 0.92318013726527 	 0.451839973175839 	 0.471340164089431 
 0.01367729 	 0.930773585879615 	 0.457142030769487 	 0.473631555110129 
 0.01370882 	 0.938451834112599 	 0.462511852524641 	 0.475939981587957 
 0.01374042 	 0.946215996368538 	 0.467950387570779 	 0.478265608797759 
 0.01377209 	 0.954067203275938 	 0.473458599477417 	 0.480608603798522 
 0.01380384 	 0.962006601936674 	 0.479037466485764 	 0.48296913545091 
 0.01383566 	 0.970035356178862 	 0.484687981744031 	 0.48534737443483 
 0.01386756 	 0.978154646813504 	 0.490411153546466 	 0.487743493267039 
 0.01389953 	 0.986365671894877 	 0.496208005576133 	 0.490157666318743 
 0.01393157 	 0.994669646984788 	 0.502079577151532 	 0.492590069833256 
 0.01396368 	 1.00306780542066 	 0.508026923477042 	 0.495040881943621 
 0.01399587 	 1.01156139858754 	 0.514051115897287 	 0.49751028269025 
 0.01402814 	 1.02015169619402 	 0.520153242155461 	 0.499998454038561 
 0.01406048 	 1.02883998655219 	 0.526334406655622 	 0.50250557989657 
 0.01409289 	 1.03762757686154 	 0.532595730729064 	 0.505031846132476 
 0.01412538 	 1.04651579349693 	 0.53893835290475 	 0.507577440592183 
 0.01415794 	 1.05550598230068 	 0.545363429183894 	 0.510142553116785 
 0.01419058 	 1.0645995088787 	 0.551872133318723 	 0.51272737555998 
 0.01422329 	 1.07379775890087 	 0.55846565709546 	 0.515332101805413 
 0.01425608 	 1.0831021384055 	 0.565145210621577 	 0.517956927783922 
 0.01428894 	 1.09251407410802 	 0.571912022617344 	 0.52060205149068 
 0.01432188 	 1.102035013714 	 0.578767340711761 	 0.523267673002243 
 0.01435489 	 1.11166642623628 	 0.585712431742851 	 0.52595399449343 
 0.01438799 	 1.12140980231651 	 0.592748582062413 	 0.528661220254093 
 0.01442115 	 1.13126665455092 	 0.599877097845221 	 0.5313895567057 
 0.0144544 	 1.14123851782052 	 0.607099305402765 	 0.534139212417751 
 0.01448772 	 1.1513269496255 	 0.614416551501508 	 0.536910398123993 
 0.01452112 	 1.16153353042416 	 0.621830203685745 	 0.539703326738418 
 0.01455459 	 1.17185986397612 	 0.629341650605076 	 0.542518213371042 
 0.01458814 	 1.18230757768991 	 0.636952302346509 	 0.545355275343402 
 0.01462177 	 1.19287832297507 	 0.644663590771263 	 0.548214732203807 
 0.01465548 	 1.20357377559853 	 0.652476969856259 	 0.551096805742274 
 0.01468926 	 1.21439563604551 	 0.660393916040353 	 0.554001720005152 
 0.01472313 	 1.22534562988471 	 0.668415928575312 	 0.556929701309401 
 0.01475707 	 1.23642550813808 	 0.676544529881577 	 0.559880978256504 
 0.01479108 	 1.24763704765479 	 0.684781265908811 	 0.562855781745981 
 0.01482518 	 1.25898205148976 	 0.693127706501264 	 0.565854344988494 
 0.01485936 	 1.27046234928644 	 0.701585445767955 	 0.568876903518485 
 0.01489361 	 1.28207979766405 	 0.710156102457693 	 0.571923695206354 
 0.01492794 	 1.29383628060903 	 0.71884132033892 	 0.574994960270115 
 0.01496236 	 1.30573370987094 	 0.727642768584426 	 0.578090941286514 
 0.01499685 	 1.31777402536246 	 0.736562142160869 	 0.581211883201588 
 0.01503142 	 1.32995919556374 	 0.745601162223153 	 0.584358033340587 
 0.01506607 	 1.3422912179309 	 0.754761576513622 	 0.587529641417279 
 0.0151008 	 1.35477211930864 	 0.764045159766072 	 0.590726959542564 
 0.01513561 	 1.3674039563469 	 0.773453714114544 	 0.593950242232353 
 0.0151705 	 1.3801888159216 	 0.782989069506891 	 0.597199746414712 
 0.01520548 	 1.39312881555927 	 0.792653084123087 	 0.600475731436184 
 0.01524053 	 1.40622610386549 	 0.802447644798229 	 0.603778459067264 
 0.01527566 	 1.41948286095721 	 0.812374667450218 	 0.607108193506995 
 0.01531087 	 1.43290129889863 	 0.822436097512027 	 0.610465201386604 
 0.01534617 	 1.44648366214071 	 0.832633910368548 	 0.613849751772158 
 0.01538155 	 1.46023222796412 	 0.842970111797937 	 0.617262116166186 
 0.015417 	 1.47414930692555 	 0.853446738417366 	 0.620702568508189 
 0.01545254 	 1.48823724330716 	 0.864065858133146 	 0.624171385174011 
 0.01548817 	 1.50249841556911 	 0.874829570595108 	 0.627668844974 
 0.01552387 	 1.51693523680505 	 0.885740007655148 	 0.631195229149898 
 0.01555966 	 1.53155015520023 	 0.89679933382983 	 0.6347508213704 
 0.01559553 	 1.54634565449229 	 0.90800974676697 	 0.638335907725324 
 0.01563148 	 1.56132425443433 	 0.919373477716014 	 0.641950776718316 
 0.01566751 	 1.57648851126013 	 0.930892792002118 	 0.645595719258015 
 0.01570363 	 1.5918410181514 	 0.94256998950378 	 0.649271028647621 
 0.01573983 	 1.60738440570664 	 0.954407405133853 	 0.652977000572789 
 0.01577611 	 1.62312134241152 	 0.966407409323767 	 0.656713933087755 
 0.01581248 	 1.63905453511042 	 0.978572408510798 	 0.660482126599625 
 0.01584893 	 1.65518672947889 	 0.990904845628145 	 0.664281883850746 
 0.01588547 	 1.67152071049671 	 1.00340720059764 	 0.668113509899069 
 0.01592209 	 1.68805930292128 	 1.01608199082488 	 0.671977312096405 
 0.01595879 	 1.70480537176089 	 1.02893177169639 	 0.675873600064497 
 0.01599558 	 1.72176182274766 	 1.04195913707887 	 0.679802685668789 
 0.01603245 	 1.73893160280964 	 1.05516671981981 	 0.683764882989824 
 0.01606941 	 1.75631770054176 	 1.06855719224964 	 0.687760508292129 
 0.01610646 	 1.77392314667517 	 1.08213326668466 	 0.691789879990508 
 0.01614359 	 1.79175101454446 	 1.09589769593085 	 0.69585331861361 
 0.0161808 	 1.80980442055242 	 1.10985327378774 	 0.699951146764686 
 0.0162181 	 1.82808652463176 	 1.12400283555238 	 0.704083689079378 
 0.01625549 	 1.84660053070321 	 1.13834925852276 	 0.708251272180442 
 0.01629296 	 1.86534968712955 	 1.15289546250028 	 0.71245422462927 
 0.01633052 	 1.88433728716495 	 1.16764441029088 	 0.716692876874074 
 0.01636817 	 1.90356666939896 	 1.18259910820436 	 0.720967561194598 
 0.0164059 	 1.92304121819451 	 1.1977626065513 	 0.725278611643218 
 0.01644372 	 1.94276436411934 	 1.21313800013706 	 0.729626363982284 
 0.01648162 	 1.96273958436997 	 1.22872842875243 	 0.734011155617537 
 0.01651962 	 1.98297040318761 	 1.24453707766014 	 0.738433325527471 
 0.0165577 	 2.00346039226512 	 1.26056717807667 	 0.742893214188449 
 0.01659587 	 2.02421317114424 	 1.27682200764881 	 0.747391163495431 
 0.01663413 	 2.04523240760218 	 1.29330489092406 	 0.751927516678119 
 0.01667247 	 2.06652181802671 	 1.31001919981435 	 0.756502618212361 
 0.01671091 	 2.08808516777874 	 1.32696835405214 	 0.761116813726608 
 0.01674943 	 2.10992627154135 	 1.34415582163811 	 0.765770449903248 
 0.01678804 	 2.13204899365436 	 1.36158511927973 	 0.770463874374628 
 0.01682674 	 2.15445724843312 	 1.37925981281959 	 0.77519743561353 
 0.01686553 	 2.17715500047065 	 1.39718351765272 	 0.779971482817931 
 0.01690441 	 2.20014626492159 	 1.41535989913178 	 0.784786365789801 
 0.01694338 	 2.22343510776694 	 1.4337926729592 	 0.789642434807741 
 0.01698244 	 2.24702564605823 	 1.45248560556503 	 0.794540040493204 
 0.01702159 	 2.27092204813966 	 1.47144251446955 	 0.799479533670105 
 0.01706082 	 2.29512853384677 	 1.49066726862924 	 0.804461265217526 
 0.01710015 	 2.31964937468024 	 1.51016378876493 	 0.80948558591531 
 0.01713957 	 2.34448889395318 	 1.52993604767091 	 0.81455284628227 
 0.01717908 	 2.36965146691021 	 1.54998807050346 	 0.819663396406749 
 0.01721869 	 2.39514152081672 	 1.57032393504747 	 0.824817585769257 
 0.01725838 	 2.42096353501647 	 1.59094777195956 	 0.830015763056907 
 0.01729816 	 2.44712204095571 	 1.61186376498632 	 0.835258275969394 
 0.01733804 	 2.47362162217184 	 1.63307615115568 	 0.840545471016156 
 0.01737801 	 2.50046691424455 	 1.65458922094006 	 0.845877693304494 
 0.01741807 	 2.52766260470752 	 1.67640731838925 	 0.851255286318274 
 0.01745822 	 2.55521343291824 	 1.69853484123129 	 0.856678591686946 
 0.01749847 	 2.58312418988388 	 1.72097624093935 	 0.862147948944521 
 0.01753881 	 2.61139971804077 	 1.74373602276258 	 0.86766369527819 
 0.01757924 	 2.64004491098503 	 1.76681874571878 	 0.873226165266248 
 0.01761976 	 2.66906471315174 	 1.79022902254679 	 0.878835690604948 
 0.01766038 	 2.69846411944015 	 1.81397151961618 	 0.884492599823969 
 0.01770109 	 2.72824817478205 	 1.83805095679194 	 0.890197217990105 
 0.01774189 	 2.75842197365041 	 1.8624721072516 	 0.895949866398809 
 0.01778279 	 2.78899065950554 	 1.88723979725231 	 0.901750862253225 
 0.01782379 	 2.81995942417544 	 1.91235890584512 	 0.907600518330316 
 0.01786488 	 2.8513335071673 	 1.93783436453362 	 0.913499142633679 
 0.01790606 	 2.88311819490688 	 1.96367115687421 	 0.919447038032669 
 0.01794734 	 2.91531881990224 	 1.98987431801481 	 0.925444501887435 
 0.01798871 	 2.94794075982843 	 2.01644893416903 	 0.931491825659401 
 0.01803018 	 2.98098943652934 	 2.0434001420225 	 0.937589294506834 
 0.01807174 	 3.01447031493309 	 2.07073312806805 	 0.943737186865039 
 0.0181134 	 3.04838890187698 	 2.09845312786622 	 0.949935774010766 
 0.01815516 	 3.08275074483796 	 2.12656542522759 	 0.956185319610369 
 0.01819701 	 3.11756143056447 	 2.15507535131317 	 0.962486079251305 
 0.01823896 	 3.15282658360552 	 2.183988283649 	 0.968838299956521 
 0.018281 	 3.18855186473233 	 2.21330964505106 	 0.975242219681268 
 0.01832314 	 3.22474296924819 	 2.2430449024563 	 0.981698066791894 
 0.01836538 	 3.26140562518186 	 2.27319956565568 	 0.988206059526179 
 0.01840772 	 3.29854559135957 	 2.30377918592481 	 0.994766405434762 
 0.01845015 	 3.33616865535074 	 2.33478935454759 	 1.00137930080315 
 0.01849269 	 3.37428063128241 	 2.36623570122848 	 1.00804493005393 
 0.01853532 	 3.41288735751712 	 2.39812389238841 	 1.01476346512871 
 0.01857804 	 3.45199469418878 	 2.4304596293395 	 1.02153506484927 
 0.01862087 	 3.49160852059128 	 2.46324864633367 	 1.02835987425761 
 0.0186638 	 3.53173473241409 	 2.49649670847979 	 1.0352380239343 
 0.01870682 	 3.57237923881908 	 2.53020960952422 	 1.04216962929486 
 0.01874995 	 3.61354795935281 	 2.56439316948924 	 1.04915478986357 
 0.01879317 	 3.65524682068835 	 2.59905323216385 	 1.05619358852449 
 0.01883649 	 3.69748175319029 	 2.63419566244122 	 1.06328609074907 
 0.01887991 	 3.74025868729699 	 2.6698263434969 	 1.0704323438001 
 0.01892344 	 3.78358354971377 	 2.7059511738021 	 1.07763237591167 
 0.01896706 	 3.82746225941017 	 2.74257606396561 	 1.08488619544455 
 0.01901078 	 3.87190072341554 	 2.77970693339859 	 1.09219379001695 
 0.01905461 	 3.91690483240562 	 2.8173497067956 	 1.09955512561003 
 0.01909853 	 3.96248045607389 	 2.85551031042572 	 1.10697014564817 
 0.01914256 	 4.00863343828071 	 2.89419466822724 	 1.11443877005348 
 0.01918669 	 4.05536959197372 	 2.93340869769927 	 1.12196089427446 
 0.01923092 	 4.10269469387227 	 2.97315830558373 	 1.12953638828854 
 0.01927525 	 4.15061447890939 	 3.013449383331 	 1.13716509557839 
 0.01931968 	 4.1991346344241 	 3.0542878023424 	 1.1448468320817 
 0.01936422 	 4.24826079409755 	 3.09567940898288 	 1.15258138511467 
 0.01940886 	 4.29799853162552 	 3.13763001935682 	 1.16036851226871 
 0.0194536 	 4.34835335412122 	 3.18014541384038 	 1.16820794028085 
 0.01949845 	 4.39933069524084 	 3.22323133136333 	 1.17609936387751 
 0.01954339 	 4.45093590802573 	 3.26689346343376 	 1.18404244459196 
 0.01958845 	 4.50317425745432 	 3.31113744789867 	 1.19203680955565 
 0.0196336 	 4.55605091269739 	 3.35596886243389 	 1.2000820502635 
 0.01967886 	 4.60957093907039 	 3.40139321775666 	 1.20817772131373 
 0.01972423 	 4.66373928967661 	 3.44741595055433 	 1.21632333912229 
 0.0197697 	 4.71856079673551 	 3.4940424161228 	 1.22451838061272 
 0.01981527 	 4.7740401625902 	 3.5412778807085 	 1.2327622818817 
 0.01986095 	 4.83018195038904 	 3.5891275135479 	 1.24105443684113 
 0.01990673 	 4.88699057443616 	 3.63759637859873 	 1.24939419583743 
 0.01995262 	 4.94447029020618 	 3.6866894259573 	 1.25778086424888 
 0.01999862 	 5.00262518401903 	 3.736411482957 	 1.26621370106203 
 0.02004472 	 5.06145916237088 	 3.78676724494261 	 1.27469191742828 
 0.02009093 	 5.12097594091792 	 3.83776126571629 	 1.28321467520164 
 0.02013724 	 5.18117903311028 	 3.88939794765101 	 1.29178108545926 
 0.02018366 	 5.24207173847389 	 3.94168153146782 	 1.30039020700607 
 0.02023019 	 5.30365713053887 	 3.99461608567386 	 1.30904104486501 
 0.02027683 	 5.3659380444133 	 4.04820549565845 	 1.31773254875485 
 0.02032357 	 5.42891706400299 	 4.10245345244568 	 1.32646361155731 
 0.02037042 	 5.49259650887735 	 4.15736344110176 	 1.3352330677756 
 0.02041738 	 5.5569784207838 	 4.2129387287972 	 1.3440396919866 
 0.02046445 	 5.6220645498127 	 4.26918235252357 	 1.35288219728914 
 0.02051162 	 5.6878563402172 	 4.32609710646637 	 1.36175923375083 
 0.02055891 	 5.7543549158922 	 4.38368552903585 	 1.37066938685635 
 0.0206063 	 5.8215610655191 	 4.44194988955908 	 1.37961117596002 
 0.0206538 	 5.88947522738296 	 4.50089217463704 	 1.38858305274592 
 0.02070141 	 5.95809747387102 	 4.56051407417221 	 1.39758339969881 
 0.02074914 	 6.0274274956627 	 4.62081696707323 	 1.40661052858947 
 0.02079697 	 6.09746458562218 	 4.68180190664395 	 1.41566267897823 
 0.02084491 	 6.1682076224068 	 4.74346960566617 	 1.42473801674063 
 0.02089296 	 6.23965505380615 	 4.80582042118668 	 1.43383463261947 
 0.02094112 	 6.31180487982796 	 4.86885433902033 	 1.44295054080763 
 0.0209894 	 6.38465463554908 	 4.93257095798271 	 1.45208367756638 
 0.02103778 	 6.45820137375188 	 4.99696947386792 	 1.46123189988396 
 0.02108628 	 6.5324416473677 	 5.06204866318808 	 1.47039298417962 
 0.02113489 	 6.60737149175178 	 5.12780686669336 	 1.47956462505843 
 0.02118361 	 6.68298640681576 	 5.19424197269338 	 1.48874443412238 
 0.02123244 	 6.75928133904601 	 5.26135140020233 	 1.49792993884368 
 0.02128139 	 6.83625066343835 	 5.32913208193234 	 1.50711858150602 
 0.02133045 	 6.91388816538237 	 5.39758044716208 	 1.51630771822029 
 0.02137962 	 6.99218702253012 	 5.46669240450911 	 1.52549461802101 
 0.02142891 	 7.07113978668733 	 5.53646332463719 	 1.53467646205015 
 0.0214783 	 7.1507383657668 	 5.60688802293166 	 1.54385034283515 
 0.02152782 	 7.23097400584693 	 5.67796074217872 	 1.55301326366821 
 0.02157744 	 7.31183727338018 	 5.74967513528629 	 1.56216213809389 
 0.02162719 	 7.3933180375995 	 5.82202424808697 	 1.57129378951252 
 0.02167704 	 7.47540545317234 	 5.89500050226556 	 1.58040495090678 
 0.02172701 	 7.55808794315566 	 5.96859567845664 	 1.58949226469902 
 0.0217771 	 7.64135318230644 	 6.0428008995593 	 1.59855228274714 
 0.0218273 	 7.72518808080582 	 6.11760661431919 	 1.60758146648664 
 0.02187762 	 7.80957876845735 	 6.19300258123054 	 1.61657618722682 
 0.02192805 	 7.89451057942077 	 6.26897785281196 	 1.62553272660881 
 0.0219786 	 7.97996803754758 	 6.34552076031411 	 1.63444727723347 
 0.02202926 	 8.06593484238437 	 6.4226188989176 	 1.64331594346677 
 0.02208005 	 8.15239385591354 	 6.50025911348299 	 1.65213474243055 
 0.02213095 	 8.2393270901024 	 6.57842748491617 	 1.66089960518622 
 0.02218196 	 8.32671569533364 	 6.65710931721469 	 1.66960637811895 
 0.0222331 	 8.41453994979166 	 6.7362891252621 	 1.67825082452956 
 0.02228435 	 8.50277924988047 	 6.81595062343917 	 1.6868286264413 
 0.02233572 	 8.59141210175112 	 6.89607671512281 	 1.69533538662831 
 0.02238721 	 8.68041611401579 	 6.97664948314358 	 1.70376663087221 
 0.02243882 	 8.76976799172825 	 7.05765018127532 	 1.71211781045292 
 0.02249055 	 8.85944353170979 	 7.13905922683014 	 1.72038430487966 
 0.02254239 	 8.9494176192995 	 7.22085619443265 	 1.72856142486685 
 0.02259436 	 9.03966422660891 	 7.30301981104859 	 1.73664441556032 
 0.02264644 	 9.13015641235887 	 7.38552795234161 	 1.74462846001725 
 0.02269865 	 9.22086632337667 	 7.46835764043273 	 1.75250868294394 
 0.02275097 	 9.31176519782942 	 7.5514850431356 	 1.76028015469382 
 0.02280342 	 9.40282337026815 	 7.63488547474022 	 1.76793789552793 
 0.02285599 	 9.4940102785551 	 7.71853339841589 	 1.77547688013921 
 0.02290868 	 9.58529447274319 	 7.80240243030234 	 1.78289204244086 
 0.02296149 	 9.6766436259742 	 7.88646534535588 	 1.79017828061831 
 0.02301442 	 9.76802454745851 	 7.97069408501498 	 1.79733046244353 
 0.02306747 	 9.85940319759446 	 8.05505976674553 	 1.80434343084893 
 0.02312065 	 9.95074470528133 	 8.13953269552368 	 1.81121200975764 
 0.02317395 	 10.0420133874745 	 8.22408237730917 	 1.8179310101653 
 0.02322737 	 10.1331727710254 	 8.30867753455763 	 1.8244952364678 
 0.02328091 	 10.2241856168436 	 8.39328612381562 	 1.83089949302799 
 0.02333458 	 10.3150139464093 	 8.47787535543623 	 1.83713859097307 
 0.02338837 	 10.405619070661 	 8.56241171544735 	 1.84320735521367 
 0.02344229 	 10.4959616212716 	 8.64686098959799 	 1.84910063167361 
 0.02349633 	 10.5860015843198 	 8.73118828960124 	 1.85481329471859 
 0.02355049 	 10.6756983363558 	 8.8153580815849 	 1.86034025477087 
 0.02360478 	 10.7650106828486 	 8.89933421675348 	 1.86567646609513 
 0.0236592 	 10.8538968989963 	 8.98307996425623 	 1.87081693474008 
 0.02371374 	 10.9423147728669 	 9.06655804624812 	 1.87575672661882 
 0.0237684 	 11.030221650831 	 9.14973067512133 	 1.88049097570968 
 0.02382319 	 11.1175744852337 	 9.2325595928754 	 1.88501489235827 
 0.02387811 	 11.2043298842458 	 9.31500611258562 	 1.88932377166021 
 0.02393316 	 11.2904441638212 	 9.39703116191835 	 1.89341300190283 
 0.02398833 	 11.3758734016762 	 9.47859532863288 	 1.89727807304333 
 0.02404363 	 11.4605734931993 	 9.55965890799971 	 1.90091458519962 
 0.02409905 	 11.5445002091835 	 9.64018195205406 	 1.90431825712948 
 0.02415461 	 11.6276092552674 	 9.72012432059478 	 1.9074849346726 
 0.02421029 	 11.7098563329573 	 9.79944573382781 	 1.91041059912946 
 0.0242661 	 11.7911972020951 	 9.8781058265444 	 1.91309137555074 
 0.02432204 	 11.8715877446235 	 9.95606420371393 	 1.91552354090961 
 0.02437811 	 11.9509840294929 	 10.0332804973628 	 1.91770353213006 
 0.02443431 	 12.0293423785445 	 10.1097144246013 	 1.91962795394315 
 0.02449063 	 12.1066194331952 	 10.1853258466517 	 1.92129358654357 
 0.02454709 	 12.1827722217422 	 10.2600748287234 	 1.92269739301873 
 0.02460368 	 12.257758227097 	 10.3339217005741 	 1.92383652652291 
 0.02466039 	 12.3315354547546 	 10.4068271175855 	 1.9247083371691 
 0.02471724 	 12.4040625007948 	 10.4787521221828 	 1.92531037861206 
 0.02477422 	 12.4752986197095 	 10.5496582054133 	 1.92564041429616 
 0.02483133 	 12.5452037918462 	 10.619507368503 	 1.92569642334318 
 0.02488857 	 12.6137387902548 	 10.6882621841996 	 1.92547660605517 
 0.02494595 	 12.6808652467223 	 10.7558858577126 	 1.92497938900975 
 0.02500345 	 12.7465457167815 	 10.8223422870562 	 1.92420342972526 
 0.02506109 	 12.8107437434763 	 10.8875961226008 	 1.92314762087551 
 0.02511886 	 12.8734239196743 	 10.9516128256393 	 1.92181109403501 
 0.02517677 	 12.9345519487118 	 11.014358725775 	 1.92019322293682 
 0.02523481 	 12.9940947031686 	 11.0758010769406 	 1.91829362622803 
 0.02529298 	 13.0520202815687 	 11.1359081118604 	 1.91611216970821 
 0.02535129 	 13.1082980628127 	 11.194649094773 	 1.91364896803972 
 0.02540973 	 13.1628987581544 	 11.2519943722349 	 1.91090438591953 
 0.0254683 	 13.2157944605417 	 11.3079154218365 	 1.90787903870525 
 0.02552701 	 13.2669586911512 	 11.3623848986616 	 1.90457379248964 
 0.02558586 	 13.316366442959 	 11.4153766793384 	 1.90098976362056 
 0.02564484 	 13.3639942211975 	 11.4668659035322 	 1.89712831766527 
 0.02570396 	 13.4098200805632 	 11.5168290127427 	 1.89299106782051 
 0.02576321 	 13.4538236590529 	 11.565243786281 	 1.88857987277193 
 0.0258226 	 13.4959862083182 	 11.6120893743094 	 1.88389683400879 
 0.02588213 	 13.5362906204433 	 11.6573463278412 	 1.87894429260215 
 0.02594179 	 13.5747214510675 	 11.7009966256107 	 1.87372482545683 
 0.0260016 	 13.6112649387846 	 11.7430236977347 	 1.86824124104988 
 0.02606154 	 13.6459090207729 	 11.7834124461031 	 1.86249657466983 
 0.02612161 	 13.678643344619 	 11.8221492614452 	 1.85649408317378 
 0.02618183 	 13.7094592763198 	 11.8592220370393 	 1.85023723928046 
 0.02624219 	 13.7383499044593 	 11.8946201790394 	 1.84372972541986 
 0.02630268 	 13.7653100405741 	 11.9283346134128 	 1.83697542716123 
 0.02636331 	 13.7903362157363 	 11.9603577894933 	 1.82997842624301 
 0.02642409 	 13.8134266733993 	 11.9906836801695 	 1.8227429932298 
 0.026485 	 13.8345813585632 	 12.019307778741 	 1.81527357982222 
 0.02654606 	 13.8538019033361 	 12.0462270924888 	 1.8075748108473 
 0.02660725 	 13.8710916089751 	 12.0714401330178 	 1.79965147595728 
 0.02666859 	 13.8864554245098 	 12.0949469034437 	 1.79150852106618 
 0.02673006 	 13.8998999220592 	 12.1167488825058 	 1.78315103955342 
 0.02679168 	 13.9114332689654 	 12.1368490057005 	 1.77458426326487 
 0.02685344 	 13.9210651968802 	 12.1552516435387 	 1.76581355334151 
 0.02691535 	 13.9288069679473 	 12.1719625770411 	 1.75684439090624 
 0.02697739 	 13.9346713382339 	 12.1869889705945 	 1.74768236763935 
 0.02703958 	 13.9386725185718 	 12.2003393422989 	 1.73833317627288 
 0.02710192 	 13.9408261329767 	 12.2120235319429 	 1.72880260103375 
 0.02716439 	 13.9411491748172 	 12.2220526667518 	 1.71909650806534 
 0.02722701 	 13.9396599609138 	 12.2304391250578 	 1.70922083585599 
 0.02728978 	 13.9363780837476 	 12.2371964980448 	 1.69918158570283 
 0.02735269 	 13.9313243619644 	 12.2423395497264 	 1.68898481223799 
 0.02741574 	 13.9245207893597 	 12.2458841753162 	 1.67863661404353 
 0.02747894 	 13.9159904825317 	 12.2478473581517 	 1.66814312438003 
 0.02754229 	 13.9057576273887 	 12.2482471253355 	 1.65751050205322 
 0.02760578 	 13.8938474246962 	 12.2471025022554 	 1.64674492244088 
 0.02766942 	 13.8802860348473 	 12.2444334661453 	 1.63585256870195 
 0.0277332 	 13.8651005220357 	 12.2402608988483 	 1.62483962318741 
 0.02779713 	 13.8483187980106 	 12.2346065389386 	 1.61371225907194 
 0.02786121 	 13.8299695655822 	 12.227492933359 	 1.60247663222322 
 0.02792544 	 13.810082262049 	 12.2189433887244 	 1.59113887332463 
 0.02798981 	 13.7886870027052 	 12.2089819224396 	 1.57970508026561 
 0.02805434 	 13.7658145245861 	 12.197633213774 	 1.56818131081205 
 0.02811901 	 13.7414961305993 	 12.1849225550312 	 1.55657357556812 
 0.02818383 	 13.7157636341829 	 12.170875802944 	 1.54488783123893 
 0.0282488 	 13.6886493046261 	 12.1555193304237 	 1.53312997420234 
 0.02831392 	 13.6601858131773 	 12.1388799787808 	 1.52130583439644 
 0.02837919 	 13.6304061800595 	 12.1209850105314 	 1.50942116952811 
 0.02844461 	 13.599343722502 	 12.1018620628955 	 1.4974816596065 
 0.02851018 	 13.567032003891 	 12.0815391020871 	 1.48549290180392 
 0.02857591 	 13.5335047841326 	 12.0600443784871 	 1.47346040564551 
 0.02864178 	 13.4987959713128 	 12.0374063827851 	 1.46138958852773 
 0.02870781 	 13.4629395747324 	 12.0136538031678 	 1.44928577156459 
 0.02877398 	 13.4259696593836 	 11.9888154836245 	 1.43715417575919 
 0.02884032 	 13.3879203019305 	 11.9629203834327 	 1.4249999184978 
 0.0289068 	 13.3488255482439 	 11.9359975378822 	 1.41282801036171 
 0.02897344 	 13.3087193725361 	 11.9080760202838 	 1.4006433522523 
 0.02904023 	 13.2676356381327 	 11.8791849053098 	 1.38845073282289 
 0.02910717 	 13.2256080599092 	 11.849353233698 	 1.3762548262112 
 0.02917427 	 13.1826701684171 	 11.8186099783525 	 1.36406019006463 
 0.02924152 	 13.1388552757132 	 11.7869840118626 	 1.35187126385067 
 0.02930893 	 13.0941964429025 	 11.7545040754587 	 1.33969236744381 
 0.0293765 	 13.0487264493971 	 11.7211987494173 	 1.32752769997986 
 0.02944422 	 13.0024777638887 	 11.68709642492 	 1.31538133896865 
 0.02951209 	 12.955482517026 	 11.6522252773712 	 1.30325723965475 
 0.02958012 	 12.9077724757847 	 11.6166132411679 	 1.29115923461676 
 0.02964831 	 12.8593790195108 	 11.5802879859162 	 1.27909103359453 
 0.02971666 	 12.8103331176159 	 11.5432768940819 	 1.26705622353397 
 0.02978516 	 12.7606653088976 	 11.5056070400586 	 1.25505826883898 
 0.02985383 	 12.710405682455 	 11.4673051706353 	 1.24310051181965 
 0.02992265 	 12.659583860166 	 11.4283976868397 	 1.23118617332633 
 0.02999163 	 12.6082289806903 	 11.3889106271316 	 1.21931835355869 
 0.03006076 	 12.5563696849583 	 11.3488696519188 	 1.20750003303946 
 0.03013006 	 12.5040341031062 	 11.3083000293642 	 1.19573407374205 
 0.03019952 	 12.4512498428121 	 11.26722662245 	 1.18402322036204 
 0.03026913 	 12.3980439789892 	 11.2256738772671 	 1.17237010172212 
 0.03033891 	 12.3444430447901 	 11.1836658124895 	 1.16077723230069 
 0.03040885 	 12.2904730238732 	 11.1412260099991 	 1.14924701387415 
 0.03047895 	 12.2361593438838 	 11.0983776066202 	 1.13778173726357 
 0.03054921 	 12.1815268711003 	 11.055143286924 	 1.12638358417631 
 0.03061963 	 12.1265999061965 	 11.0115452770627 	 1.11505462913376 
 0.03069022 	 12.0714021810686 	 10.9676053395923 	 1.10379684147637 
 0.03076097 	 12.0159568566797 	 10.9233447692421 	 1.09261208743766 
 0.03083188 	 11.9602865218692 	 10.87878438959 	 1.08150213227921 
 0.03090295 	 11.9044131930797 	 10.833944550601 	 1.07046864247866 
 0.03097419 	 11.8483583149521 	 10.7888451269885 	 1.05951318796359 
 0.0310456 	 11.7921427617405 	 10.7435055173564 	 1.04863724438401 
 0.03111716 	 11.7357868394985 	 10.6979446440819 	 1.03784219541662 
 0.0311889 	 11.679310288993 	 10.6521809538982 	 1.02712933509479 
 0.03126079 	 11.6227322892958 	 10.6062324191381 	 1.0164998701577 
 0.03133286 	 11.5660714620122 	 10.560116539599 	 1.00595492241323 
 0.03140509 	 11.5093458761009 	 10.5138503449918 	 0.995495531109 
 0.03147748 	 11.4525730532429 	 10.4674503979363 	 0.985122655306554 
 0.03155005 	 11.3957699737201 	 10.4209327974663 	 0.974837176253784 
 0.03162278 	 11.3389530827614 	 10.3743131830102 	 0.964639899751218 
 0.03169567 	 11.2821382973203 	 10.3276067388124 	 0.954531558507902 
 0.03176874 	 11.2253410132446 	 10.2808281987615 	 0.944512814483101 
 0.03184198 	 11.1685761128051 	 10.233991851595 	 0.934584261210039 
 0.03191538 	 11.1118579725466 	 10.187111546448 	 0.924746426098608 
 0.03198895 	 11.0552004714304 	 10.1402006987166 	 0.914999772713712 
 0.03206269 	 10.998616999235 	 10.0932722962083 	 0.905344703026675 
 0.03213661 	 10.9421204651874 	 10.0463389055503 	 0.895781559637065 
 0.03221069 	 10.8857233067932 	 9.99941267883069 	 0.886310627962553 
 0.03228494 	 10.829437498842 	 9.95250536044709 	 0.876932138394903 
 0.03235937 	 10.7732745625585 	 9.90562829413845 	 0.86764626842003 
 0.03243396 	 10.717245574878 	 9.85879243017737 	 0.858453144700606 
 0.03250873 	 10.661361177821 	 9.81200833270136 	 0.849352845119672 
 0.03258367 	 10.6056315879463 	 9.76528618716224 	 0.840345400784035 
 0.03265878 	 10.5500666058604 	 9.71863580787415 	 0.831430797986259 
 0.03273407 	 10.4946756257664 	 9.67206664564197 	 0.82260898012443 
 0.03280953 	 10.4394676450312 	 9.62558779545236 	 0.813879849578877 
 0.03288516 	 10.3844512737564 	 9.57920800421131 	 0.805243269545116 
 0.03296097 	 10.3296347443353 	 9.53293567851258 	 0.796699065822743 
 0.03303695 	 10.2750259209824 	 9.48677889242276 	 0.788247028559683 
 0.03311311 	 10.220632309221 	 9.44074539526924 	 0.779886913951756 
 0.03318945 	 10.1664610653157 	 9.39484261941845 	 0.771618445897298 
 0.03326596 	 10.1125190056397 	 9.34907768803281 	 0.76344131760686 
 0.03334264 	 10.0588126159632 	 9.30345742279506 	 0.755355193168114 
 0.0334195 	 10.0053480606562 	 9.25798835159017 	 0.747359709066073 
 0.03349654 	 9.95213119179415 	 9.21267671613532 	 0.739454475658828 
 0.03357376 	 9.89916755815844 	 9.16752847954913 	 0.731639078609303 
 0.03365116 	 9.8464624141258 	 9.12254933385253 	 0.72391308027327 
 0.03372873 	 9.79402072843773 	 9.07774470739369 	 0.716276021044042 
 0.03380648 	 9.74184719284519 	 9.03311977219059 	 0.708727420654597 
 0.03388442 	 9.6899462306225 	 8.98867945118506 	 0.701266779437441 
 0.03396253 	 9.63832200494597 	 8.94442842540299 	 0.693893579542985 
 0.03404082 	 9.58697842713265 	 8.90037114101565 	 0.686607286117003 
 0.03411929 	 9.53591916473595 	 8.85651181629799 	 0.679407348437961 
 0.03419794 	 9.48514764949464 	 8.8128544484798 	 0.672293201014845 
 0.03427678 	 9.43466708513283 	 8.76940282048652 	 0.665264264646304 
 0.03435579 	 9.38448045500855 	 8.72616050756669 	 0.658319947441852 
 0.03443499 	 9.33459052960937 	 8.6831308838034 	 0.651459645805975 
 0.03451437 	 9.28499987389363 	 8.64031712850772 	 0.644682745385909 
 0.03459394 	 9.2357108544763 	 8.59772223249239 	 0.637988621983917 
 0.03467369 	 9.18672564665899 	 8.555349004224 	 0.631376642434995 
 0.03475362 	 9.13804624130375 	 8.513200075853 	 0.62484616545075 
 0.03483373 	 9.08967445155073 	 8.47127790912042 	 0.618396542430311 
 0.03491403 	 9.04161191938012 	 8.42958480114082 	 0.612027118239302 
 0.03499452 	 8.99386012201879 	 8.38812289006138 	 0.605737231957413 
 0.03507519 	 8.94642037819262 	 8.34689416059679 	 0.599526217595825 
 0.03515604 	 8.89929385422555 	 8.30590044944057 	 0.593393404784981 
 0.03523709 	 8.85248156998662 	 8.2651434505528 	 0.58733811943382 
 0.03531832 	 8.80598440468639 	 8.22462472032522 	 0.581359684361173 
 0.03539973 	 8.75980310252443 	 8.18434568262421 	 0.575457419900216 
 0.03548134 	 8.71393827818974 	 8.14430763371294 	 0.569630644476801 
 0.03556313 	 8.66839042221583 	 8.10451174705332 	 0.563878675162506 
 0.03564511 	 8.62315990619272 	 8.06495907798956 	 0.558200828203164 
 0.03572728 	 8.57824698783784 	 8.02565056831411 	 0.552596419523731 
 0.03580964 	 8.53365181592823 	 7.98658705071799 	 0.54706476521024 
 0.03589219 	 8.48937443509643 	 7.94776925312679 	 0.541605181969648 
 0.03597493 	 8.44541479049219 	 7.90919780292393 	 0.536216987568269 
 0.03605786 	 8.401772732313 	 7.87087323106337 	 0.530899501249634 
 0.03614099 	 8.35844802020548 	 7.83279597607302 	 0.525652044132461 
 0.0362243 	 8.31544032754068 	 7.79496638795126 	 0.52047393958942 
 0.03630781 	 8.27274924556557 	 7.75738473195814 	 0.515364513607438 
 0.0363915 	 8.23037428743376 	 7.7200511923035 	 0.510323095130261 
 0.03647539 	 8.18831489211781 	 7.68296587573396 	 0.505349016383841 
 0.03655948 	 8.14657042820614 	 7.64612881502085 	 0.500441613185292 
 0.03664376 	 8.10514019758717 	 7.60953997235111 	 0.495600225236061 
 0.03672823 	 8.06402343902341 	 7.57319924262359 	 0.490824196399823 
 0.0368129 	 8.02321933161829 	 7.53710645665244 	 0.486112874965855 
 0.03689776 	 7.98272699817858 	 7.5012613842802 	 0.481465613898373 
 0.03698282 	 7.94254550847493 	 7.46566373740246 	 0.476881771072473 
 0.03706807 	 7.9026738824035 	 7.43031317290635 	 0.472360709497144 
 0.03715352 	 7.86311109305125 	 7.3952092955252 	 0.467901797526056 
 0.03723917 	 7.82385606966768 	 7.3603516606112 	 0.463504409056484 
 0.03732502 	 7.78490770054561 	 7.32573977682865 	 0.459167923716953 
 0.03741106 	 7.74626483581375 	 7.2913731087696 	 0.454891727044154 
 0.0374973 	 7.70792629014379 	 7.2572510794943 	 0.450675210649486 
 0.03758374 	 7.66989084537428 	 7.22337307299842 	 0.446517772375858 
 0.03767038 	 7.63215725305429 	 7.18973843660924 	 0.442418816445054 
 0.03775722 	 7.59472423690918 	 7.15634648331301 	 0.438377753596173 
 0.03784426 	 7.55759049523098 	 7.12319649401538 	 0.434394001215598 
 0.0379315 	 7.52075470319597 	 7.09028771973714 	 0.430466983458836 
 0.03801894 	 7.48421551511186 	 7.05761938374716 	 0.426596131364696 
 0.03810658 	 7.44797156659697 	 7.02519068363484 	 0.422780882962138 
 0.03819443 	 7.41202147669388 	 6.99300079332366 	 0.419020683370221 
 0.03828247 	 7.3763638499197 	 6.96104886502822 	 0.415314984891476 
 0.03837072 	 7.34099727825553 	 6.92933403115648 	 0.411663247099054 
 0.03845918 	 7.30592034307717 	 6.89785540615915 	 0.408064936918026 
 0.03854784 	 7.2711316170294 	 6.86661208832827 	 0.404519528701128 
 0.0386367 	 7.23662966584601 	 6.83560316154675 	 0.401026504299259 
 0.03872576 	 7.20241305011779 	 6.80482769699069 	 0.397585353127102 
 0.03881504 	 7.16848032701052 	 6.77428475478643 	 0.394195572224085 
 0.03890451 	 7.13483005193509 	 6.74397338562408 	 0.390856666311004 
 0.0389942 	 7.10146078017183 	 6.71389263232921 	 0.387568147842625 
 0.03908409 	 7.06837106845101 	 6.68404153139457 	 0.384329537056443 
 0.03917419 	 7.03555947649157 	 6.65441911447363 	 0.381140362017946 
 0.03926449 	 7.00302456849987 	 6.62502440983732 	 0.378000158662553 
 0.03935501 	 6.97076491463064 	 6.59585644379609 	 0.374908470834555 
 0.03944573 	 6.93877909241171 	 6.56691424208852 	 0.371864850323189 
 0.03953666 	 6.90706568813461 	 6.53819683123843 	 0.36886885689618 
 0.0396278 	 6.87562329821275 	 6.50970323988191 	 0.365920058330841 
 0.03971915 	 6.84445053050891 	 6.48143250006582 	 0.363018030443096 
 0.03981072 	 6.81354600563401 	 6.45338364851959 	 0.360162357114422 
 0.03990249 	 6.78290835821859 	 6.42555572790142 	 0.357352630317171 
 0.03999447 	 6.75253623815903 	 6.39794778802085 	 0.354588450138182 
 0.04008667 	 6.72242831183991 	 6.37055888703886 	 0.351869424801045 
 0.04017908 	 6.69258326333431 	 6.34338809264715 	 0.349195170687153 
 0.0402717 	 6.66299979558367 	 6.31643448322797 	 0.346565312355692 
 0.04036454 	 6.63367663155874 	 6.28969714899605 	 0.34397948256269 
 0.04045759 	 6.60461251540333 	 6.26317519312391 	 0.341437322279422 
 0.04055085 	 6.5758062135622 	 6.23686773285209 	 0.338938480710109 
 0.04064433 	 6.54725651589489 	 6.2107739005856 	 0.336482615309299 
 0.04073803 	 6.51896223677689 	 6.18489284497803 	 0.334069391798857 
 0.04083194 	 6.49092221618952 	 6.15922373200468 	 0.331698484184838 
 0.04092607 	 6.46313532080024 	 6.13376574602593 	 0.329369574774314 
 0.04102041 	 6.4356004450348 	 6.10851809084252 	 0.327082354192282 
 0.04111497 	 6.40831651214246 	 6.08347999074365 	 0.324836521398806 
 0.04120975 	 6.38128247525604 	 6.05865069154955 	 0.322631783706486 
 0.04130475 	 6.35449731844803 	 6.03402946164969 	 0.320467856798341 
 0.04139997 	 6.3279600577842 	 6.00961559303793 	 0.318344464746273 
 0.0414954 	 6.30166974237617 	 5.98540840234599 	 0.31626134003018 
 0.04159106 	 6.27562545543422 	 5.96140723187641 	 0.314218223557813 
 0.04168694 	 6.24982631532192 	 5.93761145063645 	 0.312214864685467 
 0.04178304 	 6.22427147661367 	 5.91402045537402 	 0.310251021239655 
 0.04187936 	 6.1989601311568 	 5.89063367161705 	 0.308326459539749 
 0.0419759 	 6.17389150913935 	 5.86745055471756 	 0.306440954421793 
 0.04207266 	 6.1490648801651 	 5.84447059090166 	 0.30459428926344 
 0.04216965 	 6.12447955433699 	 5.82169329832678 	 0.302786256010206 
 0.04226686 	 6.10013488335039 	 5.79911822814737 	 0.30101665520302 
 0.0423643 	 6.07603026159756 	 5.77674496559035 	 0.299285296007208 
 0.04246196 	 6.05216512728459 	 5.75457313104168 	 0.297591996242909 
 0.04255984 	 6.02853896356212 	 5.7326023811451 	 0.295936582417018 
 0.04265795 	 6.00515129967124 	 5.71083240991451 	 0.294318889756735 
 0.04275629 	 5.98200171210588 	 5.68926294986117 	 0.292738762244704 
 0.04285485 	 5.95908982579293 	 5.66789377313708 	 0.291196052655846 
 0.04295364 	 5.93641531529152 	 5.64672469269563 	 0.289690622595886 
 0.04305266 	 5.91397790601269 	 5.62575556347105 	 0.288222342541641 
 0.04315191 	 5.89177737546082 	 5.60498628357773 	 0.28679109188309 
 0.04325138 	 5.86981355449803 	 5.5844167955308 	 0.285396758967227 
 0.04335109 	 5.84808632863304 	 5.56404708748929 	 0.284039241143756 
 0.04345102 	 5.82659563933563 	 5.54387719452302 	 0.282718444812609 
 0.04355119 	 5.80534148537798 	 5.52390719990464 	 0.281434285473336 
 0.04365158 	 5.78432392420439 	 5.50413723642809 	 0.2801866877763 
 0.04375221 	 5.76354307333045 	 5.48456748775471 	 0.278975585575745 
 0.04385307 	 5.74299911177301 	 5.46519818978832 	 0.277800921984682 
 0.04395416 	 5.72269228151228 	 5.4460296320807 	 0.276662649431581 
 0.04405549 	 5.70262288898727 	 5.42706215926842 	 0.275560729718847 
 0.04415704 	 5.68279130662576 	 5.40829617254273 	 0.274495134083025 
 0.04425884 	 5.66319797441017 	 5.38973213115344 	 0.273465843256725 
 0.04436086 	 5.64384340148046 	 5.37137055394829 	 0.272472847532164 
 0.04446313 	 5.62472816777521 	 5.35321202094894 	 0.271516146826271 
 0.04456562 	 5.60585292571218 	 5.33525717496485 	 0.270595750747328 
 0.04466836 	 5.5872184019094 	 5.31750672324642 	 0.269711678662975 
 0.04477133 	 5.56882539894789 	 5.29996143917837 	 0.268863959769515 
 0.04487454 	 5.55067479717722 	 5.28262216401481 	 0.268052633162419 
 0.04497799 	 5.5327675565648 	 5.26548980865692 	 0.267277747907889 
 0.04508167 	 5.51510471858994 	 5.24856535547464 	 0.266539363115294 
 0.04518559 	 5.49768740818365 	 5.2318498601733 	 0.265837548010357 
 0.04528976 	 5.48051683571512 	 5.21534445370621 	 0.265172382008911 
 0.04539416 	 5.46359429902549 	 5.1990503442345 	 0.264543954790989 
 0.04549881 	 5.4469211855099 	 5.18296881913485 	 0.263952366375051 
 0.04560369 	 5.43049897424827 	 5.16710124705617 	 0.263397727192102 
 0.04570882 	 5.4143292381856 	 5.15144908002618 	 0.262880158159412 
 0.04581419 	 5.39841364636197 	 5.1360138556084 	 0.262399790753568 
 0.0459198 	 5.38275396619287 	 5.12079719911037 	 0.261956767082504 
 0.04602566 	 5.36735206579993 	 5.10580082584371 	 0.261551239956221 
 0.04613176 	 5.35220991639206 	 5.09102654343634 	 0.261183372955723 
 0.0462381 	 5.3373295946972 	 5.07647625419736 	 0.260853340499842 
 0.04634469 	 5.32271328544408 	 5.06215195753466 	 0.260561327909422 
 0.04645153 	 5.30836328389385 	 5.04805575242538 	 0.260307531468474 
 0.04655861 	 5.29428199842076 	 5.03418983993915 	 0.260092158481618 
 0.04666594 	 5.28047195314108 	 5.02055652581365 	 0.259915427327437 
 0.04677351 	 5.26693579058913 	 5.00715822308219 	 0.259777567506932 
 0.04688134 	 5.25367627443898 	 4.99399745475245 	 0.259678819686531 
 0.04698941 	 5.24069629227025 	 4.98107685653534 	 0.259619435734909 
 0.04709773 	 5.22799885837575 	 4.96839917962294 	 0.259599678752806 
 0.0472063 	 5.21558711660876 	 4.95596729351376 	 0.259619823095005 
 0.04731513 	 5.20346434326718 	 4.94378418888351 	 0.259680154383664 
 0.0474242 	 5.19163395001111 	 4.93185298049922 	 0.259780969511888 
 0.04753352 	 5.18009948681049 	 4.92017691017387 	 0.259922576636622 
 0.0476431 	 5.1688646449184 	 4.90875934975871 	 0.260105295159687 
 0.04775293 	 5.15793325986534 	 4.89760380416955 	 0.260329455695794 
 0.04786301 	 5.14730931446934 	 4.88671391444309 	 0.260595400026251 
 0.04797334 	 5.13699694185558 	 4.87609346081863 	 0.260903481036946 
 0.04808393 	 5.12700042847926 	 4.86574636584004 	 0.261254062639225 
 0.04819478 	 5.11732421714403 	 4.855676697472 	 0.261647519672035 
 0.04830588 	 5.10797291000782 	 4.84588867222416 	 0.262084237783656 
 0.04841724 	 5.09895127156705 	 4.83638665827578 	 0.262564613291268 
 0.04852885 	 5.09026423160906 	 4.82717517859261 	 0.263089053016446 
 0.04864072 	 5.08191688812174 	 4.81825891402724 	 0.263657974094493 
 0.04875285 	 5.07391451014818 	 4.80964270639264 	 0.264271803755544 
 0.04886524 	 5.06626254057308 	 4.80133156149803 	 0.26493097907505 
 0.04897788 	 5.0589665988261 	 4.79333065213484 	 0.265635946691257 
 0.04909079 	 5.05203248348651 	 4.78564532099943 	 0.266387162487077 
 0.04920395 	 5.04546617477145 	 4.77828108353791 	 0.267185091233543 
 0.04931738 	 5.03927383688899 	 4.77124363069697 	 0.268030206192025 
 0.04943107 	 5.03346182023541 	 4.76453883156339 	 0.268922988672016 
 0.04954502 	 5.02803666341415 	 4.75817273587284 	 0.269863927541306 
 0.04965923 	 5.02300509505248 	 4.75215157636746 	 0.270853518685023 
 0.04977371 	 5.01837403538934 	 4.74648177097939 	 0.271892264409953 
 0.04988845 	 5.01415059760611 	 4.74116992481587 	 0.272980672790245 
 0.05000345 	 5.01034208886983 	 4.73622283191931 	 0.27411925695052 
 0.05011872 	 5.00695601105557 	 4.73164747677348 	 0.27530853428209 
 0.05023426 	 5.00400006111277 	 4.72745103552494 	 0.27654902558783 
 0.05035006 	 5.00148213103716 	 4.72364087688609 	 0.277841254151071 
 0.05046613 	 4.99941030740739 	 4.72022456268382 	 0.279185744723579 
 0.05058247 	 4.99779287044259 	 4.71720984801506 	 0.280583022427528 
 0.05069907 	 4.9966382925337 	 4.71460468096752 	 0.282033611566182 
 0.05081594 	 4.99595523619878 	 4.71241720186108 	 0.283538034337699 
 0.05093309 	 4.9957525514084 	 4.71065574196207 	 0.285096809446328 
 0.0510505 	 4.99603927222459 	 4.7093288216195 	 0.286710450605098 
 0.05116818 	 4.99682461269257 	 4.7084451477688 	 0.288379464923768 
 0.05128614 	 4.99811796192111 	 4.7080136107453 	 0.290104351175806 
 0.05140437 	 4.99992887828362 	 4.70804328034576 	 0.29188559793786 
 0.05152286 	 5.00226708266796 	 4.7085434010729 	 0.293723681595067 
 0.05164164 	 5.00514245069925 	 4.70952338649376 	 0.295619064205491 
 0.05176068 	 5.0085650038558 	 4.710992812639 	 0.297572191216798 
 0.05188 	 5.01254489939448 	 4.71296141036624 	 0.299583489028234 
 0.0519996 	 5.01709241899765 	 4.71543905660666 	 0.301653362390995 
 0.05211947 	 5.02221795605007 	 4.71843576441004 	 0.303782191640022 
 0.05223962 	 5.02793200145012 	 4.72196167169971 	 0.305970329750416 
 0.05236004 	 5.0342451278564 	 4.72602702864471 	 0.308218099211686 
 0.05248075 	 5.04116797226674 	 4.73064218355338 	 0.310525788713364 
 0.05260173 	 5.04871121682409 	 4.73581756718839 	 0.312893649635696 
 0.05272299 	 5.05688556774034 	 4.7415636754008 	 0.315321892339536 
 0.05284453 	 5.06570173222708 	 4.74789104997708 	 0.317810682249998 
 0.05296634 	 5.07517039332024 	 4.75481025759119 	 0.320360135729046 
 0.05308844 	 5.08530218248421 	 4.76233186675148 	 0.322970315732724 
 0.05321083 	 5.09610764988057 	 4.77046642263078 	 0.325641227249791 
 0.05333349 	 5.10759723218684 	 4.77922441966764 	 0.328372812519198 
 0.05345644 	 5.11978121785185 	 4.78861627182661 	 0.331164946025241 
 0.05357967 	 5.13266970967662 	 4.79865228040642 	 0.334017429270194 
 0.05370318 	 5.14627258461368 	 4.80934259928767 	 0.336929985326013 
 0.05382698 	 5.16059945068238 	 4.82069719751432 	 0.339902253168057 
 0.05395106 	 5.17565960090475 	 4.83272581910888 	 0.342933781795876 
 0.05407543 	 5.191461964175 	 4.84543794002697 	 0.346024024148032 
 0.05420009 	 5.20801505298599 	 4.85884272216565 	 0.349172330820338 
 0.05432503 	 5.22532690794904 	 4.87294896434959 	 0.35237794359945 
 0.05445027 	 5.24340503905831 	 4.88776505023184 	 0.355639988826469 
 0.05457579 	 5.26225636366853 	 4.90329889306006 	 0.358957470608463 
 0.0547016 	 5.28188714117563 	 4.91955787727669 	 0.362329263898945 
 0.0548277 	 5.30230290441301 	 4.93654879694087 	 0.365754107472132 
 0.05495409 	 5.32350838780258 	 4.95427779098302 	 0.369230596819554 
 0.05508077 	 5.34550745233017 	 4.97275027532841 	 0.372757177001758 
 0.05520774 	 5.36830300744758 	 4.99197087195538 	 0.376332135492206 
 0.05533501 	 5.39189693004088 	 5.01194333498581 	 0.379953595055071 
 0.05546257 	 5.41628998064511 	 5.03267047394173 	 0.383619506703377 
 0.05559043 	 5.44148171712962 	 5.05415407434063 	 0.38732764278899 
 0.05571857 	 5.46747040612638 	 5.07639481584543 	 0.391075590280956 
 0.05584702 	 5.49425293252486 	 5.09939218823094 	 0.394860744293918 
 0.05597576 	 5.52182470741219 	 5.12314440547863 	 0.39868030193356 
 0.0561048 	 5.55017957489516 	 5.14764831836407 	 0.402531256531096 
 0.05623413 	 5.57930971830143 	 5.17289932595751 	 0.406410392343924 
 0.05636377 	 5.60920556632069 	 5.1988912865163 	 0.410314279804388 
 0.0564937 	 5.63985569971122 	 5.22561642830826 	 0.414239271402963 
 0.05662393 	 5.67124675926361 	 5.25306526096719 	 0.41818149829642 
 0.05675446 	 5.70336335577952 	 5.2812264880446 	 0.422136867734916 
 0.05688529 	 5.73618798288922 	 5.31008692148444 	 0.426101061404787 
 0.05701643 	 5.76970093359546 	 5.33963139880946 	 0.430069534785996 
 0.05714786 	 5.80388022149206 	 5.36984270386809 	 0.434037517623967 
 0.0572796 	 5.83870150766236 	 5.40070149204661 	 0.438000015615751 
 0.05741165 	 5.87413803431312 	 5.43218622090419 	 0.441951813408931 
 0.05754399 	 5.91016056624291 	 5.46427308723386 	 0.44588747900905 
 0.05767665 	 5.94673734127821 	 5.49693597159123 	 0.449801369686979 
 0.0578096 	 5.98383403083368 	 5.53014639136201 	 0.453687639471673 
 0.05794287 	 6.02141371176383 	 5.56387346345779 	 0.45754024830604 
 0.05807644 	 6.05943685066964 	 5.59808387773585 	 0.461352972933791 
 0.05821032 	 6.09786130180419 	 5.63274188223048 	 0.465119419573706 
 0.05834451 	 6.13664231968358 	 5.66780928125972 	 0.468833038423861 
 0.05847901 	 6.17573258745348 	 5.70324544743059 	 0.472487140022882 
 0.05861382 	 6.21508226198432 	 5.73900734850681 	 0.476074913477507 
 0.05874894 	 6.25463903657069 	 5.77504959002443 	 0.479589446546261 
 0.05888437 	 6.29434822199019 	 5.81132447444231 	 0.483023747547871 
 0.05902011 	 6.33415284653546 	 5.84778207749539 	 0.486370769040069 
 0.05915616 	 6.37399377546942 	 5.8843703422789 	 0.489623433190515 
 0.05929253 	 6.41380985016908 	 5.92103519143272 	 0.492774658736359 
 0.05942922 	 6.45353804701965 	 5.95772065761636 	 0.49581738940329 
 0.05956621 	 6.49311365589836 	 5.99436903226928 	 0.498744623629071 
 0.05970353 	 6.53247047785087 	 6.03092103244014 	 0.501549445410728 
 0.05984116 	 6.57154104131436 	 6.06731598524454 	 0.504225056069827 
 0.05997911 	 6.61025683598361 	 6.1034920292771 	 0.506764806706517 
 0.06011737 	 6.64854856315583 	 6.13938633206448 	 0.509162231091344 
 0.06025596 	 6.68634640112826 	 6.17493532240402 	 0.511411078724244 
 0.06039486 	 6.72358028396816 	 6.21007493619435 	 0.513505347773809 
 0.06053409 	 6.76018019172947 	 6.24474087413266 	 0.515439317596817 
 0.06067363 	 6.79607644996288 	 6.2788688694341 	 0.517207580528786 
 0.0608135 	 6.83120003615878 	 6.3123949635272 	 0.518805072631573 
 0.06095369 	 6.865482890583 	 6.34525578749911 	 0.520227103083891 
 0.0610942 	 6.8988582288171 	 6.37738884691198 	 0.52146938190512 
 0.06123504 	 6.93126085320228 	 6.40873280748945 	 0.522528045712837 
 0.0613762 	 6.96262746031432 	 6.4392277790854 	 0.523399681228916 
 0.06151769 	 6.99289694156663 	 6.46881559529752 	 0.524081346269113 
 0.0616595 	 7.02201067405409 	 6.49744008607883 	 0.524570587975263 
 0.06180164 	 7.04991279881095 	 6.52504734073271 	 0.524865458078245 
 0.06194411 	 7.07655048376285 	 6.55158595875027 	 0.524964525012581 
 0.0620869 	 7.10187416880439 	 6.57700728606462 	 0.52486688273977 
 0.06223003 	 7.12583779062726 	 6.60126563445096 	 0.524572156176303 
 0.06237348 	 7.14839898515667 	 6.62431848199344 	 0.524080503163233 
 0.06251727 	 7.16951926572166 	 6.64612665276544 	 0.523392612956227 
 0.06266139 	 7.18916417538217 	 6.66665447412468 	 0.522509701257487 
 0.06280584 	 7.20730341215655 	 6.68586991030351 	 0.521433501853036 
 0.06295062 	 7.2239109262328 	 6.70374467127338 	 0.520166254959411 
 0.06309573 	 7.23896498859504 	 6.72025429617233 	 0.518710692422712 
 0.06324119 	 7.2524482308512 	 6.7353782109024 	 0.517070019948804 
 0.06338697 	 7.2643476563969 	 6.74909975982101 	 0.515247896575896 
 0.06353309 	 7.27465462339176 	 6.76140621176237 	 0.513248411629389 
 0.06367955 	 7.28336480034818 	 6.77228874092519 	 0.51107605942299 
 0.06382635 	 7.29047809543541 	 6.78174238344597 	 0.508735711989436 
 0.06397348 	 7.29599856087782 	 6.78976597073913 	 0.506232590138691 
 0.06412096 	 7.29993427407105 	 6.79636204092006 	 0.503572233150992 
 0.06426877 	 7.30229719725079 	 6.80153672983442 	 0.500760467416368 
 0.06441693 	 7.30310301772352 	 6.8052996433913 	 0.497803374332224 
 0.06456542 	 7.30237097080461 	 6.80766371303936 	 0.494707257765249 
 0.06471426 	 7.30012364770772 	 6.80864503633267 	 0.491478611375047 
 0.06486344 	 7.29638679068968 	 6.80826270460611 	 0.488124086083571 
 0.06501297 	 7.29118907777821 	 6.80653861981998 	 0.484650457958227 
 0.06516284 	 7.28456189939896 	 6.80349730264181 	 0.481064596757156 
 0.06531306 	 7.27653912917465 	 6.79916569381104 	 0.47737343536361 
 0.06546362 	 7.2671568910967 	 6.79357295078365 	 0.473583940313045 
 0.06561453 	 7.25645332517113 	 6.78675024157921 	 0.469703083591914 
 0.06576578 	 7.24446835352064 	 6.77873053765883 	 0.46573781586181 
 0.06591739 	 7.23124344878576 	 6.7695484075486 	 0.461695041237161 
 0.06606934 	 7.21682140651558 	 6.75923981279626 	 0.457581593719314 
 0.06622165 	 7.20124612307485 	 6.74784190770971 	 0.453404215365138 
 0.06637431 	 7.18456238042453 	 6.73539284417981 	 0.44916953624472 
 0.06652732 	 7.16681563895852 	 6.72193158273834 	 0.444884056220183 
 0.06668068 	 7.14805183940614 	 6.70749771084929 	 0.440554128556854 
 0.06683439 	 7.12831721463773 	 6.69213126927888 	 0.436185945358844 
 0.06698846 	 7.10765811204494 	 6.67587258724119 	 0.431785524803753 
 0.06714289 	 7.08612082700752 	 6.65876212687167 	 0.427358700135849 
 0.06729767 	 7.06375144780789 	 6.64084033744426 	 0.422911110363629 
 0.0674528 	 7.0405957122148 	 6.62214751961853 	 0.418448192596266 
 0.0676083 	 7.01669887582767 	 6.60272369988387 	 0.413975175943797 
 0.06776415 	 6.99210559215651 	 6.58260851525808 	 0.409497076898425 
 0.06792036 	 6.96685980430697 	 6.56184110819881 	 0.405018696108159 
 0.06807694 	 6.94100464804782 	 6.54046003159789 	 0.400544616449938 
 0.06823387 	 6.91458236595782 	 6.51850316365123 	 0.396079202306588 
 0.06839116 	 6.88763423228069 	 6.49600763233023 	 0.391626599950466 
 0.06854882 	 6.86020048806063 	 6.47300974912388 	 0.387190738936745 
 0.06870684 	 6.83232028608447 	 6.44954495167445 	 0.382775334410019 
 0.06886523 	 6.80403164512182 	 6.4256477548919 	 0.378383890229914 
 0.06902398 	 6.77537141292788 	 6.40135171010376 	 0.374019702824117 
 0.0691831 	 6.74637523745671 	 6.3766893717762 	 0.369685865680507 
 0.06934258 	 6.71707754572276 	 6.35169227132871 	 0.365385274394058 
 0.06950243 	 6.68751152974599 	 6.32639089755753 	 0.36112063218846 
 0.06966265 	 6.65770913901907 	 6.30081468318199 	 0.356894455837077 
 0.06982324 	 6.62770107894399 	 6.27499199703134 	 0.352709081912658 
 0.0699842 	 6.59751681469828 	 6.24895014139795 	 0.348566673300327 
 0.07014553 	 6.56718458000781 	 6.22271535409462 	 0.344469225913196 
 0.07030723 	 6.53673139032334 	 6.19631281476816 	 0.340418575555179 
 0.07046931 	 6.50618305991963 	 6.16976665503925 	 0.336416404880378 
 0.07063176 	 6.4755642224606 	 6.14309997205731 	 0.332464250403293 
 0.07079458 	 6.444898354599 	 6.11633484508026 	 0.328563509518748 
 0.07095778 	 6.41420780220538 	 6.08949235471049 	 0.324715447494889 
 0.07112135 	 6.38351380884799 	 6.0625926044411 	 0.320921204406889 
 0.0712853 	 6.35283654617174 	 6.03565474418879 	 0.317181801982957 
 0.07144963 	 6.32219514585118 	 6.00869699551309 	 0.313498150338085 
 0.07161434 	 6.29160773281829 	 5.98173667824385 	 0.309871054574446 
 0.07177943 	 6.26109145949161 	 5.95479023826099 	 0.306301221230617 
 0.0719449 	 6.23066254075755 	 5.92787327619268 	 0.302789264564873 
 0.07211075 	 6.20033628947856 	 5.90100057681811 	 0.299335712660451 
 0.07227698 	 6.17012715232515 	 5.87418613898179 	 0.295941013343361 
 0.0724436 	 6.14004874575054 	 5.84744320584515 	 0.292605539905387 
 0.0726106 	 6.11011389194627 	 5.82078429531901 	 0.289329596627262 
 0.07277798 	 6.08033465463688 	 5.79422123053837 	 0.28611342409851 
 0.07294575 	 6.05072237458872 	 5.76776517025626 	 0.282957204332453 
 0.07311391 	 6.02128770472492 	 5.74142663904892 	 0.279861065675998 
 0.07328245 	 5.99204064475389 	 5.71521555723855 	 0.27682508751534 
 0.07345139 	 5.96299057523228 	 5.68914127045259 	 0.273849304779686 
 0.07362071 	 5.93414629099703 	 5.66321257875087 	 0.270933712246168 
 0.07379042 	 5.90551603391247 	 5.63743776526267 	 0.268078268649799 
 0.07396053 	 5.87710752488937 	 5.61182462428618 	 0.265282900603188 
 0.07413102 	 5.84892799514286 	 5.58638048881172 	 0.262547506331142 
 0.07430191 	 5.82098421666484 	 5.56111225743897 	 0.259871959225869 
 0.0744732 	 5.79328253189445 	 5.53602642066564 	 0.257256111228813 
 0.07464488 	 5.76582888257752 	 5.51112908653207 	 0.254699796045454 
 0.07481695 	 5.73862883781225 	 5.4864260056126 	 0.25220283219965 
 0.07498942 	 5.711687621284 	 5.46192259534983 	 0.249765025934169 
 0.07516229 	 5.68501013769719 	 5.43762396373298 	 0.247386173964212 
 0.07533556 	 5.6586009984167 	 5.41353493232593 	 0.245066066090772 
 0.07550922 	 5.632464546335 	 5.38966005865447 	 0.242804487680528 
 0.07568329 	 5.60660487998458 	 5.36600365796548 	 0.240601222019106 
 0.07585776 	 5.58102587691835 	 5.34256982437408 	 0.238456052544278 
 0.07603263 	 5.55573121638262 	 5.31936245141697 	 0.23636876496565 
 0.0762079 	 5.53072440131002 	 5.29638525203287 	 0.234339149277154 
 0.07638358 	 5.50600877966089 	 5.27364177799231 	 0.232367001668574 
 0.07655966 	 5.48158756514331 	 5.25113543880124 	 0.230452126342072 
 0.07673615 	 5.4574638573431 	 5.22886952010366 	 0.22859433723944 
 0.07691304 	 5.43364066129569 	 5.20684720161 	 0.226793459685687 
 0.07709035 	 5.41012090653282 	 5.18507157457866 	 0.225049331954166 
 0.07726806 	 5.38690746563696 	 5.1635456588786 	 0.223361806758359 
 0.07744618 	 5.36400317233677 	 5.1422724196618 	 0.221730752674975 
 0.07762471 	 5.34141083917707 	 5.12125478367412 	 0.22015605550295 
 0.07780366 	 5.31913327479618 	 5.10049565523375 	 0.218637619562435 
 0.07798301 	 5.29717330084379 	 5.07999793190606 	 0.217175368937733 
 0.07816278 	 5.27553376857143 	 5.05976451990373 	 0.2157692486677 
 0.07834296 	 5.2542175751275 	 5.03979834924061 	 0.214419225886892 
 0.07852356 	 5.23322767958786 	 5.02010238866749 	 0.213125290920376 
 0.07870458 	 5.21256711875193 	 5.00067966041721 	 0.211887458334726 
 0.07888601 	 5.19223902273362 	 4.98153325478614 	 0.210705767947481 
 0.07906786 	 5.17224663037481 	 4.962666344578 	 0.209580285796805 
 0.07925013 	 5.15259330450805 	 4.94408219943521 	 0.208511105072839 
 0.07943282 	 5.13328254709349 	 4.92578420008172 	 0.207498347011763 
 0.07961594 	 5.11431801425336 	 4.90777585250028 	 0.206542161753085 
 0.07979947 	 5.09570353122568 	 4.89006080206534 	 0.205642729160335 
 0.07998343 	 5.07744310725626 	 4.87264284765153 	 0.204800259604729 
 0.08016781 	 5.05954095044641 	 4.85552595573544 	 0.204014994710969 
 0.08035261 	 5.04200148257052 	 4.83871427450689 	 0.203287208063632 
 0.08053784 	 5.02482935387524 	 4.82221214800306 	 0.202617205872179 
 0.0807235 	 5.00802945786839 	 4.80602413027658 	 0.202005327591808 
 0.08090959 	 4.99160694610256 	 4.79015499960573 	 0.201451946496833 
 0.08109611 	 4.97556724295395 	 4.77460977275154 	 0.200957470202411 
 0.08128305 	 4.95991606039268 	 4.75939371926296 	 0.200522341129718 
 0.08147043 	 4.9446594127359 	 4.74451237582711 	 0.200147036908785 
 0.08165824 	 4.92980363136947 	 4.72997156065722 	 0.199832070712258 
 0.08184648 	 4.9153553794176 	 4.71577738790521 	 0.199577991512388 
 0.08203515 	 4.90132166633316 	 4.70193628208075 	 0.199385384252412 
 0.08222426 	 4.88770986237373 	 4.68845499245138 	 0.19925486992235 
 0.08241381 	 4.87452771291981 	 4.67534060739181 	 0.199187105527996 
 0.08260379 	 4.86178335258211 	 4.66260056864169 	 0.199182783940415 
 0.08279422 	 4.84948531903468 	 4.65024268542274 	 0.199242633611932 
 0.08298508 	 4.83764256649853 	 4.63827514835564 	 0.199367418142888 
 0.08317638 	 4.826264478788 	 4.62670654310621 	 0.199557935681787 
 0.08336812 	 4.81536088181751 	 4.61554586367785 	 0.199815018139653 
 0.0835603 	 4.80494205545098 	 4.60480252525358 	 0.200139530197401 
 0.08375293 	 4.79501874455886 	 4.59448637647585 	 0.200532368083012 
 0.083946 	 4.78560216912862 	 4.58460771103557 	 0.200994458093054 
 0.08413951 	 4.77670403325416 	 4.57517727842343 	 0.201526754830728 
 0.08433348 	 4.76833653280664 	 4.56620629367641 	 0.202130239130227 
 0.08452788 	 4.76051236156479 	 4.55770644593029 	 0.202805915634507 
 0.08472274 	 4.75324471555587 	 4.54968990556491 	 0.203554809990957 
 0.08491805 	 4.74654729532957 	 4.54216932970299 	 0.204377965626577 
 0.0851138 	 4.74043430585601 	 4.53515786579446 	 0.205276440061549 
 0.08531001 	 4.73492045370528 	 4.52866915298833 	 0.206251300716944 
 0.08550667 	 4.73002094113074 	 4.52271732096113 	 0.207303620169615 
 0.08570378 	 4.72575145663993 	 4.51731698583565 	 0.208434470804287 
 0.08590135 	 4.72212816159725 	 4.51248324278721 	 0.20964491881004 
 0.08609938 	 4.71916767236082 	 4.50823165489498 	 0.210936017465847 
 0.08629785 	 4.7168870374124 	 4.50457823775522 	 0.212308799657181 
 0.08649679 	 4.71530370889464 	 4.50153943933078 	 0.213764269563868 
 0.08669619 	 4.71443550792513 	 4.49913211446768 	 0.215303393457444 
 0.08689604 	 4.71430058301083 	 4.49737349346548 	 0.216927089545344 
 0.08709636 	 4.714917360843 	 4.49628114404413 	 0.218636216798878 
 0.08729714 	 4.71630448870966 	 4.49587292600729 	 0.220431562702371 
 0.08749838 	 4.71848076772388 	 4.49616693786123 	 0.222313829862644 
 0.08770008 	 4.72146507603164 	 4.49718145461078 	 0.224283621420859 
 0.08790225 	 4.72527628113532 	 4.49893485592192 	 0.226341425213403 
 0.08810489 	 4.72993314044956 	 4.50144554381473 	 0.228487596634825 
 0.08830799 	 4.73545418919852 	 4.50473184903401 	 0.230722340164516 
 0.08851156 	 4.7418576147696 	 4.50881192523983 	 0.233045689529777 
 0.0887156 	 4.74916111666196 	 4.51370363016997 	 0.235457486491993 
 0.08892011 	 4.75738175121219 	 4.51942439295262 	 0.237957358259569 
 0.08912509 	 4.7665357603482 	 4.52599106679616 	 0.24054469355204 
 0.08933055 	 4.77663838371983 	 4.53341976635561 	 0.243218617364221 
 0.08953648 	 4.78770365368533 	 4.54172568917721 	 0.245977964508117 
 0.08974288 	 4.79974417280172 	 4.55092292075829 	 0.248821252043431 
 0.08994976 	 4.81277087367774 	 4.56102422293214 	 0.251746650745597 
 0.09015711 	 4.82679276130657 	 4.57204080550365 	 0.254751955802919 
 0.09036495 	 4.84181663830442 	 4.58398208132224 	 0.257834556982175 
 0.09057326 	 4.8578468138451 	 4.59685540529094 	 0.260991408554159 
 0.09078205 	 4.87488479750174 	 4.6106657981744 	 0.264218999327333 
 0.09099133 	 4.89292897968659 	 4.6254156564886 	 0.267513323197996 
 0.09120108 	 4.9119743009176 	 4.64110445022911 	 0.270869850688486 
 0.09141132 	 4.93201191273373 	 4.65772841072417 	 0.27428350200956 
 0.09162205 	 4.95302883372493 	 4.67528021147697 	 0.27774862224796 
 0.09183326 	 4.97500760482767 	 4.69374864548485 	 0.28125895934282 
 0.09204496 	 4.99792594875237 	 4.71311830317918 	 0.284807645573184 
 0.09225714 	 5.02175643913801 	 4.73336925580763 	 0.288387183330375 
 0.09246982 	 5.04646618575077 	 4.7544767497606 	 0.291989435990169 
 0.09268298 	 5.07201654273401 	 4.7764109180066 	 0.295605624727412 
 0.09289664 	 5.09836284754577 	 4.79913651541982 	 0.299226332125953 
 0.09311079 	 5.12545419875394 	 4.82261268532813 	 0.302841513425808 
 0.09332543 	 5.15323328126237 	 4.84679276504879 	 0.306440516213581 
 0.09354057 	 5.18163624777261 	 4.87162413847489 	 0.310012109297718 
 0.0937562 	 5.21059266530752 	 4.89704814389322 	 0.313544521414302 
 0.09397233 	 5.24002553539413 	 4.92300004511488 	 0.31702549027925 
 0.09418896 	 5.26985139598981 	 4.94940907365174 	 0.320442322338069 
 0.09440609 	 5.29998051240693 	 4.97619854904233 	 0.323781963364603 
 0.09462372 	 5.33031716332793 	 5.00328608350049 	 0.327031079827445 
 0.09484185 	 5.36076002649462 	 5.03058387581449 	 0.330176150680125 
 0.09506048 	 5.39120266681011 	 5.05799909786519 	 0.333203568944922 
 0.09527962 	 5.42153412742993 	 5.08543437527277 	 0.336099752157165 
 0.09549926 	 5.4516396219831 	 5.11278836155595 	 0.338851260427156 
 0.09571941 	 5.48140132341453 	 5.13995640284286 	 0.341444920571671 
 0.09594006 	 5.51069924215496 	 5.16683128767639 	 0.343867954478564 
 0.09616123 	 5.53941218350129 	 5.19330407389094 	 0.346108109610349 
 0.0963829 	 5.56741877133671 	 5.21926498199793 	 0.348153789338778 
 0.09660509 	 5.5945985227545 	 5.24460434210897 	 0.34999418064553 
 0.09682779 	 5.62083295589307 	 5.26921357925761 	 0.351619376635465 
 0.097051 	 5.64600671145821 	 5.29298622016072 	 0.353020491297495 
 0.09727472 	 5.67000866710652 	 5.31581890308683 	 0.354189764019695 
 0.09749896 	 5.69273302317777 	 5.33761237165537 	 0.355120651522401 
 0.09772372 	 5.71408033825263 	 5.35827243313942 	 0.355807905113202 
 0.097949 	 5.73395849370696 	 5.37771086222182 	 0.356247631485139 
 0.09817479 	 5.75228356782873 	 5.39584623216533 	 0.356437335663398 
 0.09840111 	 5.76898060211958 	 5.41260465697714 	 0.356375945142438 
 0.09862795 	 5.78398424504757 	 5.42792043031971 	 0.356063814727853 
 0.09885531 	 5.79723926164495 	 5.44173654955872 	 0.355502712086222 
 0.09908319 	 5.80870090082977 	 5.45400511633763 	 0.354695784492139 
 0.0993116 	 5.81833511602654 	 5.46468760830167 	 0.353647507724862 
 0.09954054 	 5.82611863841757 	 5.47375501992809 	 0.352363618489487 
 0.09977001 	 5.8320389058223 	 5.4811878737185 	 0.350851032103794 
 0.1 	 5.83605149933796 	 5.48690891632778 	 0.349142583010173 
